[14, 50, 70]
[400, 672, 1120]
[2634.198473898952, 4959.262885549015, 9157.266914859963]
[0.6012499575604215, 0.05057972131304859, 0.0010492878337221444]
[1, 1, 1]
[0.9369146928798039, 0.8955869907338783, 0.8348931673187264]
[0.6767263388387882, 0.07112577357411179, 0.002181674071985352]
[0.9752977125970467, 0.9578907814534664, 0.9314288037569908]
[0.9723099351005662, 0.8289448907917752, 0.6184779149387623]
[25, 42, 70]
[29.57336139678955, 18.186071157455444, 20.753597497940063]
[1125, 1935, 3195]
[10732.108756956377, 20987.73939907057, 38288.92900536427]
[0.5399500849575488, 0.02708591756335847, 0.00022220358799390698]
[1, 1, 1]
[0.9369146928798039, 0.8955869907338783, 0.8348931673187264]
[0.6767263388387882, 0.07112577357411179, 0.002181674071985352]
[0.9512056281970315, 0.9175547491935327, 0.8675596164681794]
[0.8952948223104107, 0.4634221477381405, 0.14061477689082627]
[100, 172, 284]
[662.365800857544, 1696.3077008724213, 4319.239945650101]
