[1, 2, 3, 4]
[14, 50, 70]
[416, 704, 1152]
[4866.110228961508, 10611.82064326442, 17525.40604727376]
[0.9055027983213598, 0.8423440434079675, 0.7549467096431222]
[1, 1, 1]
[0.9369146928798039, 0.8955869907338783, 0.8348931673187264]
[1.0, 1.0, 1.0]
[0.9743224148844496, 0.9569328906720129, 0.9304973749532338]
[0.9919437678651362, 0.9828794405343755, 0.9717851035839735]
[26, 44, 72]
[14, 50, 70]
[208, 352, 576]
[3033.4991891856866, 7079.74406553211, 11773.882524156883]
[0.9086946233400863, 0.8481834520819352, 0.7635869092045787]
[1, 1, 1]
[0.9369146928798039, 0.8955869907338783, 0.8348931673187264]
[1.0, 1.0, 1.0]
[0.9743224148844496, 0.9569328906720129, 0.9304973749532338]
[0.9954402903952831, 0.9896930872568005, 0.982906971019869]
[13, 22, 36]
[14, 50, 70]
[208, 352, 576]
[3059.3683536172925, 7068.611407490124, 11750.32139472499]
[0.9086632220848542, 0.8481960756532393, 0.7636110725465488]
[1, 1, 1]
[0.9369146928798039, 0.8955869907338783, 0.8348931673187264]
[1.0, 1.0, 1.0]
[0.9743224148844496, 0.9569328906720129, 0.9304973749532338]
[0.9954058915182301, 0.9897078169255125, 0.982938074640137]
[13, 22, 36]
[14, 50, 70]
[208, 352, 576]
[3059.3683536172925, 7079.74406553211, 11750.32139472499]
[0.9086632220848542, 0.8481834520819352, 0.7636110725465488]
[1, 1, 1]
[0.9369146928798039, 0.8955869907338783, 0.8348931673187264]
[1.0, 1.0, 1.0]
[0.9743224148844496, 0.9569328906720129, 0.9304973749532338]
[0.9954058915182301, 0.9896930872568005, 0.982938074640137]
[13, 22, 36]
