[5, 10, 15, 20, 25]
[6880, 6592, 6720, 6800, 6768]
[265550.24610003544, 357950.62685987283, 454008.69411545666, 525327.1810558275, 583564.8370560857]
[6.394347032326813e-16, 8.360619251345717e-78, 7.870518469115992e-225, 0.0, 0.0]
[1, 1, 1, 1, 1]
[0.21570623976979045, 0.21570623976979045, 0.21570623976979045, 0.21570623976979045, 0.21570623976979045]
[1.0, 1.0, 1.0, 1.0, 1.0]
[0.45049929544903655, 0.45049929544903733, 0.4504992954490372, 0.4504992954490369, 0.4504992954490371]
[6.580204308143299e-15, 8.603627944858626e-77, 8.099281955760988e-224, 0.0, 0.0]
[430, 412, 420, 425, 423]
[23040, 22845, 22890, 21870, 22260]
[439751.9093352548, 604665.4061199345, 753595.9105022927, 829941.8885191088, 957098.6787567555]
[0.00019913731652117402, 0.00021553783501396105, 0.00020548442185457853, 0.00023634653191382545, 0.0002166779044565731]
[1, 1, 1, 1, 1]
[0.21570623976979025, 0.21570623976979025, 0.21570623976979025, 0.21570623976979025, 0.21570623976979025]
[0.05346851220847845, 0.05346851220847845, 0.05346851220847845, 0.05346851220847845, 0.05346851220847845]
[0.29446020638879356, 0.29446020638879344, 0.29446020638879367, 0.29446020638879394, 0.29446020638879356]
[0.058636120729501355, 0.06346526475518793, 0.06050503028956762, 0.06959239996499825, 0.06380095899193287]
[2114, 2100, 2106, 2015, 2044]
[4752, 4640, 4880, 4544, 4784]
[79095.07131650147, 106044.92574662469, 142350.27949623164, 145457.43137703516, 183044.54295276297]
[1.4593073496588318e-44, 1.7709969267320603e-188, 0.0, 0.0, 0.0]
[1, 1, 1, 1, 1]
[0.21570623976979025, 0.21570623976979025, 0.21570623976979025, 0.21570623976979025, 0.21570623976979025]
[1.593868525091122e-32, 6.453717900187858e-128, 6.638538073554623e-287, 0.0, 0.0]
[0.6575663287622632, 0.6575663287622637, 0.6575663287622638, 0.6575663287622644, 0.6575663287622636]
[6.4549368880948275e-12, 1.9346640191084877e-60, 5.905485600120993e-182, 0.0, 0.0]
[297, 290, 305, 284, 299]
