[5, 10, 20, 30, 50]
[80, 352, 1216, 2560, 6464]
[425.14356192243986, 2169.7037808155296, 9549.523869715511, 23304.11418908649, 68926.51335420716]
[0.9688071814248412, 0.8002211872391007, 0.4012208390284775, 0.10358068366006834, 0.00040970298865463024]
[1, 1, 1, 1, 1]
[0.9801495006250001, 0.8955869907338783, 0.6242658676435395, 0.3632974174544486, 0.04819076839980126]
[0.9950062500000001, 0.9369912026163576, 0.8350819830107529, 0.6122506492294104, 0.22835660184492276]
[0.995009990004999, 0.969460536295823, 0.8877549425285934, 0.7826085988474135, 0.4865769398194558]
[0.9983705842703243, 0.9836409966042273, 0.8669452649992778, 0.5950351111368927, 0.07651387312250796]
[5, 22, 76, 160, 404]
[21.689759016036987, 49.898945808410645, 106.77976369857788, 153.59887027740479, 264.4394302368164]
[180, 1665, 6405, 13995, 41700]
[1224.924227538718, 13106.077113787074, 56262.90546964642, 123686.99115838177, 387238.77986587596]
[0.9592269327728709, 0.6980296235633882, 0.15332164381552627, 0.005577579588326135, 4.917916067435758e-11]
[1, 1, 1, 1, 1]
[0.9801495006250001, 0.8955869907338783, 0.6242658676435395, 0.3632974174544486, 0.04819076839980126]
[0.9950062500000001, 0.9369912026163576, 0.8350819830107529, 0.6122506492294104, 0.22835660184492276]
[0.9880657804942091, 0.9175547491935329, 0.6878481863585393, 0.44646098197939643, 0.08899191050306887]
[0.9954452389702463, 0.9065642248805197, 0.4275748641232718, 0.05616563857939048, 5.021727694797175e-08]
[16, 152, 598, 1305, 3917]
[42.52252554893494, 219.566712141037, 768.1205031871796, 1419.7559583187103, 4003.6476817131042]
