[5, 10, 20, 30, 50]
[96, 416, 1360, 2720, 7440]
[885.8818251703641, 4714.634516899438, 15564.353019008879, 33875.305821611284, 108852.8275088527]
[0.9710075958264691, 0.8478479993169709, 0.46496032178078617, 0.16098255313120247, 0.001079363533568899]
[1, 1, 1, 1, 1]
[0.9801495006250001, 0.8955869907338782, 0.6242658676435396, 0.3632974174544487, 0.04819076839980127]
[1.0, 1.0, 1.0, 1.0, 1.0]
[0.993020965034979, 0.9675225846837673, 0.882441711455772, 0.7678721062162952, 0.4628347237071542]
[0.997635481480544, 0.9784735983977808, 0.8440346477197485, 0.5770688190749425, 0.04839248856557462]
[6, 26, 85, 170, 465]
