[1, 2, 3, 4]
[10, 20, 30, 50]
[176, 272, 336, 528]
[1611.9757608921295, 2551.5914810040213, 3435.7611761621656, 5886.1728797118185]
[0.9319637003770518, 0.8558295477735663, 0.7804320876691696, 0.614536667402804]
[1, 1, 1, 1]
[0.9558895783575596, 0.9091562615825302, 0.8647077305675338, 0.7822236754458712]
[1.0, 1.0, 1.0, 1.0]
[0.9841194418156403, 0.969460536295823, 0.9550199818235601, 0.9267809647166121]
[0.9907029558609446, 0.9709986081480394, 0.9450468028408873, 0.8476952296860805]
[11, 17, 21, 33]
[10, 20, 30, 50]
[64, 128, 192, 240]
[620.3665698045495, 1292.0730198052893, 2192.061760252187, 3089.381486603079]
[0.9368745419907617, 0.8681367193828676, 0.7922669984139006, 0.6609397546142016]
[1, 1, 1, 1]
[0.9558895783575596, 0.9091562615825302, 0.8647077305675338, 0.7822236754458712]
[1.0, 1.0, 1.0, 1.0]
[0.9841194418156402, 0.9694605362958229, 0.9550199818235598, 0.9267809647166119]
[0.9959233150879179, 0.9849619569643535, 0.9593780236324607, 0.9117039011914799]
[4, 8, 12, 15]
[10, 20, 30, 50]
[80, 96, 144, 144]
[827.7435452909851, 980.9539098741493, 1851.775179951329, 1972.2456828466204]
[0.9355396829215867, 0.8697272114928766, 0.7969941639678959, 0.6807544555923831]
[1, 1, 1, 1]
[0.9558895783575596, 0.9091562615825302, 0.8647077305675338, 0.7822236754458712]
[1.0, 1.0, 1.0, 1.0]
[0.98411944181564, 0.9694605362958227, 0.95501998182356, 0.9267809647166118]
[0.994504323312858, 0.986766481742806, 0.9651022791620418, 0.939036407757522]
[5, 6, 9, 9]
[10, 20, 30, 50]
[64, 80, 80, 144]
[828.5654553644083, 1052.334321541853, 1165.8185456888568, 2006.4341652298817]
[0.9355667158807813, 0.8687458532432978, 0.8062075178626799, 0.6752971044572683]
[1, 1, 1, 1]
[0.9558895783575596, 0.9091562615825302, 0.8647077305675338, 0.7822236754458712]
[1.0, 1.0, 1.0, 1.0]
[0.9841194418156402, 0.9694605362958229, 0.9550199818235596, 0.9267809647166118]
[0.9945330600893749, 0.985653062023991, 0.9762589842479538, 0.9315085078463414]
[4, 5, 5, 9]
