[10, 20, 30, 50]
[112, 160, 208, 304]
[690.8367863663624, 980.7165877104519, 1480.0277455020155, 2642.2632839950875]
[0.9367197867986895, 0.8734919127421553, 0.8074741878205127, 0.6713821381872004]
[1, 1, 1, 1]
[0.9558895783575596, 0.9091562615825302, 0.8647077305675338, 0.7822236754458712]
[0.9950062500000001, 0.9950062500000001, 0.9950062500000001, 0.9950062500000001]
[0.9900448802097482, 0.9801888648295346, 0.9704309672630859, 0.9512056281970316]
[0.9947667863621417, 0.9851101209426371, 0.9670943614773698, 0.9068565753807181]
[7, 10, 13, 19]
[26.036553621292114, 29.087199926376343, 30.30079674720764, 30.136592626571655]
[450, 885, 1185, 2175]
[2909.661675598124, 4911.273866464088, 7904.271316393888, 15764.425291113565]
[0.9045882693083626, 0.7904722756822377, 0.6571341571792154, 0.3683276437623208]
[1, 1, 1, 1]
[0.9558895783575596, 0.9091562615825302, 0.8647077305675338, 0.7822236754458712]
[0.9950062500000001, 0.9950062500000001, 0.9950062500000001, 0.9950062500000001]
[0.9723747443770957, 0.9436225637280607, 0.9157205572498951, 0.8623672548254333]
[0.9781010964799068, 0.926027709986748, 0.834057376648923, 0.5487635944268769]
[42, 87, 117, 208]
[48.879472732543945, 57.213557958602905, 58.37137413024902, 58.22900056838989]
